22333401021
1134937621
252349263347
4849313336
252515302828
43243344529
46161174416
20453125142
4311440627
313015431533
29222449177
133627442245
32434861914
282012202926
4823839217
241339223838
33193432295
12245173149
3625377443
2028333945
42405102432
193512492932
421412391332
14439101415
12134252334
2642331021
373039181727
452042302535
42934402641
4434487459
36264421943
64444492441
164415201714
4776381242
3323259716
44404543525
123119264520
27312322131
18216124438
474448191611
21432230914
252630484429
203523474035
312411491840
312119253038
164242232125
31413533745
1115261048
2858204746
5361222710
423941332940
2769482948
474314272222
46212133014
493320213646
47407412312
5174344628
2411391974
42339402012
392147424833
2224141272
14322052923
31133174432
113340431622
366584412
2281124119
1439214148
9282324310
433530423920
1549114263
31142474940
27152152726
3543049493
364820243630
11837182810
3134185943
163314344110
94031234736
28362473622
9254352435
154535233048
101326331327
163419293449
12433363649
151242483532
463225171336
163130104612
4174132420
6282093919
1634361544
416938153
33121534421
19123484641
171111293210
21374512389
2120121813
8631333647
4143538612
47319381824
5251327622
